10000 4750.8 4462.16
11000 4769.2 4965.88
12000 5613 5474.08
13000 6094.2 5986.37
14000 6469.2 6502.44
15000 6996.4 7022.02
16000 7596.2 7544.87
17000 8196.4 8070.8
18000 8215.6 8599.62
19000 9044.6 9131.16
20000 9875 9665.29
21000 9921.8 10201.9
22000 10819.2 10740.8
23000 11278.2 11282
24000 11865.4 11825.3
25000 12364 12370.6
26000 13019 12917.9
27000 13482.2 13467.1
28000 13783 14018.1
29000 14496 14570.9
30000 15131.4 15125.3
31000 16146.6 15681.4
32000 16041.6 16239.1
33000 16190.2 16798.3
34000 17888.4 17359.1
35000 17601.6 17921.2
36000 18446.8 18484.8
37000 18794.2 19049.7
38000 19761.4 19615.9
39000 20637 20183.5
40000 20493.2 20752.3
41000 21199.4 21322.3
42000 22341.4 21893.5
43000 22166.2 22465.9
44000 23480.8 23039.4
45000 22948.4 23614.1
46000 24473 24189.8
47000 25383.2 24766.6
48000 25264.6 25344.5
49000 25434.2 25923.3
50000 26619.4 26503.2
